135639
405710
388122
895383
451225
401529
235973
812075
162405
375965
621540
514669
431034
831346
830342
599864
10466
118736
569406
435254
291574
30137
834861
202536
237923
204584
153293
120855
575623
573331
491937
513194
301319
121541
401562
894555
556272
258433
255439
127924
400501
279862
353070
325929
350684
354477
580674
303966
301490
275177
583583
199062
899642
385247
197549
635362
464064
625445
870630
143358
580468
2495
263416
320163
13148
657452
44974
550467
800325
556565
46094
278507
248951
212205
624781
442978
375229
164519
301560
24918
132806
457731
27718
531826
351829
886527
213657
565512
285121
411731
503810
274102
601401
800647
35917
635312
586635
853660
412858
267643
426242
552424
804816
244845
39945
59554
296271
142373
827454
328712
431513
566139
500758
227216
334723
286038
280022
515857
373268
193151
358017
233804
348069
284729
12959
55447
301644
608782
153089
369432
873862
126572
299484
102408
105856
482895
516986
292753
485516
656447
451850
294502
428684
174781
816622
522063
504127
624745
363434
644027
623125
864645
398890
158296
502298
289959
508222
842012
873793
159264
617734
229451
631198
868440
53041
54635
193878
295482
48094
4301
480057
852350
334908
506346
10246
381744
208309
197146
642408
313083
343801
502218
592314
854962
32058
66676
405717
628204
175121
879719
631884
653990
134492
446060
275642
304805
180367
554528
420774
563983
167282
62464
297007
838360
256081
343286
115576
531276
235619
528828
407910
135671
890854
585200
347742
195418
397493
110521
218391
478066
457512
840536
593632
212548
25262
340497
507376
646501
86663
880700
828130
305441
831394
845047
262342
420996
596747
453115
6281
603331
643671
335445
878394
897784
312663
492023
223078
222343
289200
595983
149109
184564
357288
820272
405652
40882
831505
233711
465911
131087
240166
563569
541
485186
554086
874955
22535
813301
620186
289483
535597
868649
529820
820820
367166
541703
857277
175945
105596
540699
183675
195261
216023
569455
615681
887877
590402
411551
889679
520367
858077
106737
879744
305094
626285
319547
620488
266719
276572
224620
171178
328335
327075
641916
28606
882222
503368
433352
314550
301056
251047
523891
344522
551940
839007
354691
17596
141216
436101
622953
243913
238136
346556
254653
279193
182114
458584
655598
495744
456361
872068
260967
458727
356160
299410
109757
823673
461727
643780
510528
669038
247505
372171
417932
869219
130634
207837
234448
423747
365725
669233
523849
854654
869031
139947
636958
367269
18645
480809
323782
84529
606809
274630
126492
250177
491869
299066
430305
200777
552530
179541
398137
536722
295155
632798
409301
259840
887195
364184
639198
538786
404959
413810
583637
162474
826518
548282
21197
878110
281208
169287
830842
865357
825009
278569
399518
598580
374374
435633
451135
652662
508885
252066
636079
849978
472280
100773
435283
39694
882639
224260
188451
428219
463505
587857
491748
455255
812399
478917
865069
16422
35029
587045
452403
231652
156501
566503
292761
593764
283271
407490
841286
864958
842655
546608
401546
412418
665514
524918
153718
536089
224442
229952
250891
466175
120769
890023
599941
393063
824865
334513
39878
641064
842069
49977
66910
255193
277891
23964
635527
231352
445366
241467
624435
222170
863060
289537
818648
472031
254668
65602
513635
833540
481527
16577
222769
2647
119120
488851
571341
308946
104883
817076
363960
570197
459088
825933
385105
38128
83643
317060
358554
859110
386323
40283
603448
180734
104607
811919
165674
165219
18896
369605
346739
600556
578247
522003
827984
171048
394175
299828
567141
856184
339797
864365
563801
414407
867257
821246
493562
590949
648152
566750
636021
823835
887947
805692
190129
828845
278159
33305
1934
486442
659891
412908
352028
186820
260008
295328
585134
12023
244381
489684
816904
307908
378019
842960
88095
241728
533195
111475
660691
451626
230837
210375
350071
889079
669564
494222
838851
242996
457456
191988
574592
172349
882906
869652
813939
157732
808984
474767
181701
576981
604596
372555
472623
140332
428579
191119
156534
153859
320466
298463
83219
509471
447836
310668
354649
42737
21331
240997
517328
852071
658883
611598
861243
379877
805340
115334
633221
495651
877909
612436
806420
33389
382842
463761
337490
348453
408080
541950
639480
504545
446894
44563
427696
182935
458393
614289
315665
400649
143383
161576
530257
892063
460160
849843
48845
621008
226265
260354
487723
213654
382065
28332
853691
265926
23870
546104
152661
267139
528496
508583
839976
248997
386604
277546
276302
389555
265174
151844
49576
450124
377472
804925
123352
592455
174734
366103
898681
80758
112256
175963
405847
434498
485768
144605
451562
424153
63040
419711
892757
149690
29198
384454
408910
58733
187387
545764
397989
506830
811470
37982
401257
86696
343
551019
138975
569971
574546
610367
175252
320459
417078
184429
359621
26877
829346
399058
333000
612216
521735
171963
200602
344123
870028
107582
848290
845865
8078
379003
322428
205035
135070
318586
270111
600550
139186
862470
301373
831007
608673
664031
536260
860583
340335
165784
239043
585172
873030
571802
527572
131135
874631
428625
636014
355638
286300
49320
219560
476335
103341
399432
547941
379226
80092
646979
129375
300633
172458
638532
396274
544055
138764
114197
858869
60696
594108
854913
410490
200132
196602
404694
472987
593963
843628
526053
856074
118005
874302
297896
652681
282949
337912
276327
216376
50103
461993
529641
835491
826593
244100
237451
323579
390365
45433
185245
615691
508914
505756
317292
215970
162428
57595
264218
296866
338002
813523
226806
218161
566479
577422
5523
594865
572651
305427
185095
663404
315179
353807
829034
269301
110190
855113
472475
231634
207486
159619
421728
632065
347561
168242
357219
49067
239044
287479
286172
227016
594189
82457
169237
258988
18214
86928
105742
834943
253704
185622
642961
285214
549429
420849
85768
448399
454473
237387
840706
159696
156960
431938
34194
508905
567954
248659
622328
36646
266065
403456
514166
388
3602
8971
49425
48682
894148
501966
590035
59675
226308
226279
341131
239988
402430
281355
250816
466524
606928
438028
156527
531060
307216
206700
609667
103447
138359
23388
513539
493450
654433
84543
441048
802758
473751
333785
446627
116658
161746
467054
388957
523037
515673
538270
300567
841502
217838
592931
454285
569991
503385
482343
827587
435229
603764
883562
109889
370972
139401
871656
803852
638829
18094
438880
294813
603884
86801
439402
62501
586422
816391
579118
540111
1945
644508
393127
327244
821072
626460
339359
853189
823886
385679
340502
405216
563058
406876
319779
848601
814358
504749
420072
121117
60212
451987
327894
36057
800933
346520
473645
368442
594358
253879
383456
227624
836613
366084
64979
208649
436511
580959
430680
465492
21916
272049
578692
860718
345264
219601
438135
471214
568254
890836
103056
172000
347200
224916
236557
217703
850527
56468
152497
254166
871780
163227
63865
217741
805540
869413
317075
893979
31578
110742
476597
394074
650108
469451
372169
228760
50639
655957
814574
897763
860676
641148
22503
139431
621004
599143
866662
815402
349238
855078
278899
45299
392410
331266
331675
209090
25415
431113
844707
575268
137632
195081
586090
649640
250105
896236
200721
584677
316677
113184
429803
148240
357961
666668
528241
146766
175688
492913
127763
188596
323177
631211
596572
388859
268319
244286
897586
435064
310283
216610
480329
820463
348659
230849
203373
117888
856890
38353
197331
664887
398587
366059
63098
814649
255824
539751
820023
285194
42398
817575
250393
561152
485468
411561
507236
312407
493400
268879
180197
879593
805815
288657
116753
652793
156715
818225
441557
407971
278175
182504
182133
132987
167617
864357
584527
335644
415694
399107
592479
453682
286013
341944
529915
259816
282992
577610
226994
487618
823514
105428
597644
229703
18717
27127
42547
493618
806941
657371
584245
640693
655291
630236
385890
200811
121994
447975
26044
372496
609624
89369
269561
835924
88301
174757
407550
229980
102925
397590
311644
878345
543812
272376
291105
648598
261721
893987
896556
605723
887699
201182
84744
136504
655767
616795
321997
576071
3594
569697
889379
473058
433384
655825
89241
566987
661589
361962
36082
625092
479400
606249
841208
278299
895335
475984
335330
332482
642342
354244
104350
568345
615960
454721
396836
853762
321959
394008
244803
300398
862459
823438
159499
641511
866782
86992
497305
124192
649594
866007
819184
845366
600652
511871
186646
489731
583970
584345
437124
649408
293592
185263
482233
8162
295066
367591
140314
495787
851693
35432
262506
823500
429784
161446
833625
275849
310260
29846
534017
547238
186076
562586
3573
395611
172430
319229
833783
303200
483961
164759
384735
177723
299854
815168
346387
537833
458050
475284
669553
183397
5668
13945
887849
896152
423605
65217
565072
232446
298351
460210
527591
225596
662246
272855
451370
521597
887622
659638
887495
374296
541430
613916
3280
893273
655
283392
557532
644503
364982
318661
157077
116231
214068
521299
378778
391538
487358
407167
642169
384422
340732
110236
313113
595717
148138
238803
834703
829648
341439
837663
828875
812741
431595
108254
583564
277484
285518
18781
552311
837683
886412
421362
33070
8710
369352
361334
884348
11545
317514
323958
134690
239555
865165
519392
366622
174211
814488
657641
818643
650238
230359
47136
429455
566521
261263
801557
484650
489463
597231
215380
251273
862451
403666
480214
363067
130644
284874
258578
500599
354423
881491
150276
80442
347591
859325
114405
32073
248678
562433
446998
563354
599967
151321
533738
860546
898704
88199
838447
885911
407908
650900
512435
153265
243937
34236
52011
600175
31582
392686
243017
452183
435505
143979
594274
86492
256264
339471
217025
189835
492666
492610
155604
572490
563528
833628
234632
290295
296505
299564
826921
110849
439073
852056
167220
666658
435582
136539
525952
855882
394496
582928
243873
180781
413047
662692
22174
100034
500675
463877
359514
38093
567935
42999
501239
5279
48378
201854
889073
292623
487073
157613
387942
565689
535133
343000
464073
201885
426908
294187
630417
607365
119557
411674
807917
318304
48412
861220
378334
812636
384950
506242
620308
392268
126358
365028
853196
118131
828599
628983
503716
845136
825538
587283
831619
230583
646974
607487
800523
203675
16493
212070
224907
586070
877613
853676
215352
149988
488260
832358
60415
583499
63743
376178
354704
50368
233751
122953
437316
613973
10486
361007
499763
558593
196838
669142
891558
605229
47925
212245
57632
642402
260539
833377
40699
8584
549813
299227
593587
348983
299811
593246
517286
281008
153170
60483
170330
61865
820787
560262
446778
135183
641429
604305
269620
81539
242989
472925
447816
856445
559237
85690
463151
861081
448172
299015
372422
13870
100081
520272
450934
330017
801271
444164
153339
534629
52082
304923
868358
199632
51634
466415
33340
348890
592128
859149
30207
662044
608864
256474
32593
41376
43235
176168
343850
228246
205758
124545
209322
842450
827391
362967
159040
303232
336648
347474
372482
662005
810032
595564
52481
638920
287575
551684
249946
124277
402071
413533
247410
455462
313498
207813
800286
84601
596954
474998
107030
106797
249549
519280
266047
375903
825558
351766
343062
348118
585486
100892
424027
849648
545721
197342
219175
666886
87099
230908
294143
327279
641221
602
486292
107853
462353
592996
184760
521396
185620
281122
188603
445382
839603
10802
405292
105157
590576
335112
574091
493655
312192
22856
298975
592891
525996
367358
553996
539249
226764
425283
497916
245661
119673
385402
364453
616611
648616
652168
400782
126481
606903
168486
290735
852527
831213
296629
421882
149125
59116
525999
550516
160903
305788
530575
346471
17324
365973
508835
361860
301568
825884
116352
629477
241296
368952
883864
149900
452636
81150
656960
307151
453145
153163
524793
266201
359166
604821
405943
859468
821399
52581
862906
347433
518159
576096
238434
317678
584565
601859
485141
247257
654931
285535
488561
218569
395621
485034
849737
201964
374583
81977
588627
628060
589551
493705
622812
583530
82681
432560
617696
428426
572797
128550
860620
651870
844758
522757
425886
661812
288500
161175
329219
649675
829522
127572
501956
869759
341612
652155
669051
592967
847583
664036
141959
587820
327909
886164
202076
31900
150951
893080
316440
486861
478935
1054
802746
310520
297409
571624
836305
480788
875701
34100
224447
130550
471994
48819
589420
823183
859520
370328
464065
156243
178776
543609
358122
82374
630221
194764
224407
873506
5740
106119
848854
453312
469345
484186
302976
376720
118788
126734
308581
100712
873181
138350
840809
458486
336420
381926
435684
155238
263612
208748
217242
273679
566430
363269
491468
144098
390180
53109
631919
625246
299005
513903
306070
44358
203308
867944
369819
898161
899805
57809
828369
332524
236589
176841
18640
232758
659670
37370
479232
478077
441130
310096
105282
243981
144547
442850
411059
482855
453490
137631
822823
596573
18867
864981
282386
506421
367206
322781
194021
106523
347737
188095
373623
284571
800061
32501
434900
342201
594709
28863
373943
564839
85144
839979
131094
252025
810101
607606
384693
529686
365590
517474
501578
167472
352630
586983
491219
836166
663316
132983
895446
404212
476096
551562
893275
259945
232755
495050
46214
393469
374028
634362
566463
457238
235933
241710
816279
234692
393590
100867
233110
332374
518402
566788
106718
209636
406756
299115
567642
335613
296658
505727
188301
492923
315051
406774
625150
416347
348674
815240
846289
440639
379021
621513
356431
280955
628971
401413
190799
42399
476162
185996
472908
537862
282426
529643
521507
625448
825218
310692
30940
370642
375461
823608
438173
403428
144504
81946
220630
328239
611936
295004
870408
479791
304861
186312
474444
483576
13635
805413
623709
528005
311544
371242
274678
497407
24185
22153
244466
268848
43993
193026
658626
461998
862842
394020
308466
63754
403979
473650
83490
147151
494367
894133
452525
569680
539996
618023
312784
621824
21610
361504
440205
841070
253941
51913
286360
554895
357382
375508
267196
261416
52850
581664
808910
47284
408814
224082
263363
142436
419054
447736
872213
407808
859461
318385
298555
837294
578480
420624
855477
519313
615723
220372
480408
287766
83520
290907
465407
404910
209161
308872
520111
575698
25194
874009
226665
591818
590465
409191
828247
491350
427572
54024
146564
518657
451224
60445
435877
14361
514453
186392
571809
473388
572614
132294
354263
669960
385863
897944
338671
358518
645125
8804
410319
665729
360221
349767
370547
263063
658602
829335
299142
58053
22899
180165
3530
371502
580455
899722
633970
301468
304241
367276
659689
467507
272122
222692
17863
489655
302597
838080
571251
547926
112946
501109
339034
129205
329892
649332
586239
802198
48306
353416
391736
373640
163228
101225
137803
659209
64343
396744
626372
81465
486602
255668
872854
271436
842539
591921
80773
222272
666640
616672
541364
475265
222415
283097
800704
212985
665540
373608
217377
825095
662422
185121
365134
275136
362138
806315
530857
848568
457071
176661
147858
168410
648592
898085
126847
638100
847244
297017
559203
252483
500516
158968
211013
411017
410565
578957
554966
152146
120065
86045
358199
182001
815085
596179
893442
314129
616654
87662
590105
143807
385268
570954
65346
375428
534866
833388
103201
346187
354066
857151
62582
196685
234045
582270
834144
51857
357720
478332
300773
113252
138964
296918
623099
601450
542648
538961
573365
604244
386497
832501
16754
204713
209028
257748
349510
515984
421081
39367
814946
574420
165983
435846
146136
352622
287902
44658
455694
538058
160894
532685
539391
339741
372803
346049
663533
813464
184177
322561
379373
299051
236240
404315
183250
418920
44025
594703
292384
654483
878826
589337
20236
813792
60774
231468
302836
433649
147586
155010
442085
616342
212679
18159
577480
558336
25479
203439
592026
311321
122401
289584
471960
17304
170190
661786
184812
819036
237086
564006
197445
302926
600622
102945
367457
847864
398701
512592
567147
251044
452310
623461
645088
585609
26566
654047
238582
511878
450548
220692
569918
480917
843724
232317
166347
154460
802821
192798
527316
893704
4209
551957
143802
593063
258318
863399
34368
347421
649934
347354
585197
534142
897316
66351
612970
164801
317880
668712
622307
101296
838649
168428
10716
246455
327652
543577
860297
283581
236489
425305
841576
518439
416352
41169
437167
666918
804064
337461
310793
546562
575549
882822
447911
629721
65617
482085
230028
663252
836484
434374
28905
434989
322403
616751
429369
330700
884835
373548
465844
884925
882937
861754
133864
513436
146735
15003
455147
522851
189336
277035
21194
356917
474849
883595
200716
296759
37493
228375
181039
330562
408679
132627
898612
529543
899689
547154
121240
143105
437777
536368
42359
475934
146345
360298
301397
516017
860220
183259
609106
805530
664405
574172
597934
483392
668768
813998
299284
528213
363544
524062
83004
40820
85681
508970
174568
215260
274292
866947
81456
627243
307293
55062
6415
55826
395265
647771
669884
572289
24272
616496
183552
617785
509781
329397
215026
466064
386600
185000
600147
384296
129975
246593
642760
2667
640763
295393
522344
21009
222724
664839
249353
588923
872260
145193
24760
614384
298428
405830
166996
364744
839125
171296
244489
398502
598017
442830
626921
559864
603570
645527
477500
561599
412126
413095
525683
31332
199397
136722
854247
809150
872909
404307
646908
129120
24405
400830
836056
179253
864863
436269
134750
303816
86984
105252
507329
806696
297834
123948
103722
85252
476415
286534
470078
216333
184255
117414
38144
839233
281530
408303
428029
822425
122232
162545
257388
199215
537301
156476
360003
497990
821625
130614
880216
897131
375732
818569
475067
4227
128455
238585
594066
604143
595090
146352
289032
359472
253169
192556
601983
307752
123343
642768
46459
42511
260046
229078
819858
897281
818980
249992
804590
561170
315115
200004
215185
481958
354754
549863
892484
316574
865483
391660
640548
604577
34973
140917
508910
238746
850651
20919
652326
170223
483698
314066
139775
178844
331137
214635
356039
320503
138519
88646
868488
213244
56652
582820
473205
517389
495562
899614
872904
602716
241249
55261
427603
623999
470278
627858
120056
303190
8048
456118
163116
259347
44223
243471
443588
368807
214451
472354
107412
575556
329670
89597
582163
415383
57645
299504
383210
193210
540706
615044
328350
325490
801594
351913
623074
873729
53065
331632
629812
134280
637684
176017
523832
608001
860513
52192
866773
581284
635410
534198
47144
861956
409572
278965
449967
538884
857291
158099
42349
192726
222833
144114
150479
237922
390893
11168
856919
445532
895620
336261
392230
880871
202587
186608
629707
623685
514171
456342
134444
291379
330241
44614
632632
578379
82054
475747
11570
154170
197951
109094
875169
883059
114285
237220
245954
424612
803993
169762
841608
222405
63238
173458
273053
21327
445545
542856
501739
525147
489703
206440
489145
59251
110277
669237
550549
248759
218814
60720
56456
547364
468662
111121
242466
662917
641519
257531
305454
110680
407409
869901
577027
503695
521932
245056
8840
462068
887028
446334
44984
295447
29952
195106
228609
156551
189642
843990
44258
185602
562
189431
65864
651216
225869
248633
818958
402305
302077
20949
291871
268464
124016
462303
159963
650767
583754
626159
590750
342960
455709
644723
303879
255045
129117
880545
191015
89161
19424
614192
267645
522174
273061
529616
858506
232116
164491
548256
419437
552708
494003
530184
834264
479347
518410
168426
119603
863140
849189
617069
524792
601597
872391
59797
109778
85705
221165
579481
199155
293186
373103
657133
213407
266869
892762
620166
660195
541097
425216
828496
439818
41026
490941
47935
157037
155429
309959
261916
329237
257530
380184
422909
632287
227689
415200
294701
800556
646160
645554
503735
621174
653812
851053
182364
825272
605602
534822
416847
852387
66180
653738
360096
860454
202688
601685
399251
34524
830465
34170
232316
455105
865256
596940
436982
574494
118430
857169
304480
430950
442708
163215
288328
585417
553521
47939
862163
602292
273219
462257
128392
404196
447643
419030
884955
392105
274270
437233
211684
329147
607661
378296
875620
422265
496117
448103
624936
259464
378114
33983
319353
604916
284094
281344
630092
578203
53179
132320
897973
590066
425757
643722
245405
844589
48890
185537
201389
829196
652680
461832
150624
27607
657360
487305
245375
317756
519132
536197
574311
446860
631233
379698
160113
629683
300560
325090
839707
22560
167451
870422
124315
37426
519406
288746
444795
826982
461405
845555
611968
212264
509171
881584
113050
574652
87408
889820
460609
178753
360580
606228
431117
306455
382329
224547
152177
555181
414512
636013
226952
435016
622973
359554
396252
113044
270299
620264
482277
519944
340985
351590
175388
170898
399543
234132
588160
830740
248232
280425
154786
312040
41495
384535
261906
654556
621010
539138
558585
609413
360368
104943
164619
18650
134151
154811
352363
474573
158426
293084
274693
503917
130072
122985
304720
2730
272876
472410
282201
637336
157050
801398
528546
59830
354220
828904
825309
276557
833598
330027
268564
38954
479847
886896
594026
593191
113817
523306
522539
122312
884532
184855
868778
485951
529743
117283
297152
286322
380270
234752
595454
378347
167439
613639
111140
662167
43484
366702
347485
62371
643427
648552
494800
398826
426294
377740
345705
221946
646948
581535
109263
485389
617037
296095
450744
183970
120286
187895
40436
135269
847949
882735
624372
25459
390952
468074
607807
503760
848521
88650
531068
866266
344218
842246
489313
489725
340116
176760
322697
408455
514835
462244
26895
539191
456174
357846
241847
469867
890865
150334
422841
504595
640253
543558
531722
277124
884095
654250
218931
370418
64398
663438
623924
457865
474500
509056
36626
546662
215146
609597
493904
850981
825486
140927
427560
584026
891999
178158
28727
268074
332370
436625
50045
873483
487796
853055
14958
229851
592441
622199
116293
201729
532269
611707
364680
153971
109856
291592
166605
577078
627278
387181
885796
821061
572867
135616
107469
4163
212604
415109
816528
351358
843809
125960
297633
8980
470708
379294
456713
333857
879415
514168
117090
862772
597397
347985
39045
436476
257715
267565
140134
41453
274547
40650
455551
338104
488449
866513
196693
265850
459732
878598
122537
148960
213449
318886
242904
574721
560779
127647
226604
118856
108504
289816
380471
156400
358082
418944
832167
33507
444796
125426
273921
49975
636333
31278
6696
307492
597361
311078
524240
877582
514122
198077
437091
459539
129340
137726
229279
285997
207616
529100
410585
334697
596772
287058
53349
168917
885672
164300
308726
180468
362004
534274
214053
827829
803999
482203
818645
602097
210314
563131
161528
82759
455244
439492
801036
461178
331305
406601
154822
438785
849199
272786
51242
275838
169099
360726
652552
188924
576302
512098
461275
536045
461477
840823
422010
302663
577294
531880
252287
650280
211872
525743
576228
806195
220961
5386
399244
489036
439174
236731
274946
850713
543006
15237
640682
185983
853870
237383
409497
251998
540679
646530
248171
894356
549767
407644
3452
44825
38122
544381
286647
494274
890413
38615
581698
200190
269476
201520
436589
48419
367933
612645
499882
810689
341300
118108
210627
898620
32472
359304
422040
828309
164384
422415
412501
50919
373615
446852
316248
354791
814591
113
47541
823582
347776
657230
305621
558167
824589
618759
469319
441863
259042
808719
460844
131782
667627
579735
206748
370251
217212
369916
238385
112762
118164
650720
194423
232823
269938
502993
170862
62946
824276
546615
27363
52304
476264
820167
564189
550477
451163
658704
363400
552324
372063
634289
330776
582996
187103
380317
31268
637318
623501
844808
183488
583858
559320
572634
246908
619411
197293
169837
597803
268049
59461
120778
329889
357428
266585
646830
462805
551404
422105
106741
285789
415297
26206
459067
839356
825427
622284
344028
185489
630077
276983
280694
887850
540983
81104
143345
602377
502840
18570
138155
453800
889787
176563
659140
311509
174770
29889
570163
38072
175632
311390
522907
279367
256672
565294
483028
368124
172100
298613
167806
815113
105553
886182
264705
326742
544660
503450
603840
567919
301641
82144
181371
494012
316887
555329
4131
375799
373567
297932
879980
387186
580385
366050
573888
36684
640436
836312
48189
603849
262765
122555
143192
613661
342627
322316
867087
518383
450741
450024
36243
344627
452514
32578
849469
289571
200332
803990
45271
201735
478111
230408
457152
869328
648815
839898
122885
205591
309834
534759
607242
555777
806355
564885
601596
533679
357722
487582
889313
478144
213689
146305
293544
631271
261324
668861
666341
325166
479496
379173
836812
117332
559771
119892
844366
56845
584130
887815
892288
415859
17989
511239
193360
452750
124319
37924
173306
596771
569545
378071
614553
516577
577799
565207
592427
887257
138503
263205
404644
806426
173654
862095
379548
142129
480527
574395
548912
471129
250888
192490
500086
468274
26430
819456
468054
565112
363388
828582
525884
855495
865731
306760
280509
848640
400466
470428
225626
801687
625386
613155
287837
431322
100129
50782
325890
262288
839402
833275
177494
835437
282861
376233
493626
655060
381525
223890
421746
883346
240340
525454
425224
873424
229154
497307
327487
614957
305439
866657
113288
415246
322536
581915
526025
884872
140235
444094
839319
57377
667059
607022
59340
512129
409066
805996
185247
477821
86805
267964
374575
650278
411554
174168
263910
256332
653030
5501
851461
18309
34885
120139
63467
538331
496439
461165
40740
409698
403212
483082
221254
300983
594262
142391
182381
232140
846979
207388
147605
265006
458455
424392
285810
658620
148294
899123
391293
59805
137772
806060
404098
41557
56001
188369
207641
454552
408495
298588
41524
817650
385085
127242
391989
653446
283650
846744
429679
854216
121860
552120
48730
15347
232879
522914
852321
390011
29019
656508
83827
479161
103627
600754
852441
159882
848876
225487
147073
87819
63042
642894
473955
273249
117357
508418
649400
282956
286902
131163
421122
665023
814518
236446
825134
846278
164642
140935
459980
611569
499706
312322
589088
620912
577208
523322
89326
23145
323729
35189
29509
216686
866827
515491
392225
499198
640816
858289
300246
187024
402303
474132
155149
133797
887719
661368
619754
200296
161540
539039
502690
484976
846281
812751
500322
476874
335676
238546
293742
526988
839673
899152
879122
2129
828925
276604
86774
593096
604913
359049
631538
86980
152193
595773
63314
499987
625913
357420
417665
270959
477968
619514
556106
351420
511320
401773
472362
481211
653518
406732
395487
159273
215778
344261
51631
48152
425707
331119
303109
297868
561133
402498
462975
831156
151878
347722
833912
400877
127271
887656
833021
88035
568403
556624
186797
519458
346939
495891
235133
668618
167193
233250
214492
449027
2262
17707
223306
303084
312261
492842
271039
826780
123618
40555
107770
111202
393166
642020
323533
606850
292950
228240
126082
522155
834966
851268
462844
362460
524879
340126
89810
632403
33736
195501
192523
633675
871687
815188
36988
171144
615647
532161
43833
240062
833457
499345
134695
589954
132997
410589
309974
534410
489892
255324
556251
536023
245951
40682
443894
431896
868220
141378
345150
461464
866093
604767
252987
122817
174934
319391
329556
286522
11480
428707
512416
207936
86768
199872
295973
30689
630865
858064
109942
248303
535862
574010
27516
242346
194424
164799
273731
445320
314575
22972
868228
843188
446971
206358
45040
389552
308576
899523
25773
354968
558937
389263
839951
106448
217718
384753
60217
579837
21449
522498
399786
513316
518256
565871
820362
580246
601576
290444
635475
476208
388071
812562
337231
140509
491843
475676
56371
463706
191071
290194
241269
860545
113164
51946
473437
352991
395029
545004
100703
181613
336111
476486
186231
612254
856549
290274
824303
430332
548420
632655
837143
442879
20537
313276
279283
129892
567448
175779
211457
627222
357302
861144
491947
314867
808479
516362
469587
345999
335329
62724
606543
893042
598497
511762
836197
515241
627
295092
391190
433149
63019
507420
841677
824271
262790
818396
867062
801061
465606
181193
341469
820497
565891
669101
879029
508542
226813
32972
576818
483919
85473
464129
581725
824574
315262
426638
631714
630794
302422
229907
827392
467053
340354
660517
46714
232253
361076
457191
422719
160432
819027
663869
327052
27617
152886
49325
643154
622799
320533
532925
303362
360847
335016
248426
512863
189556
85748
375532
295135
218967
297062
266627
344056
638181
318912
400636
437637
310935
284083
249627
146417
197397
38479
295372
422875
354829
523589
163313
267531
267853
634935
181929
104683
123079
645580
804011
340962
316216
385965
401242
421486
597812
192899
441633
608052
100841
302342
836726
187892
317824
5415
82237
463826
547924
643934
441253
377745
524867
162554
557198
222673
530632
404785
279807
563695
603189
303268
593161
474581
662935
854235
200070
801268
407077
297846
648470
505418
59174
222583
854119
208706
611848
223900
576266
216831
297975
197527
879911
623071
10255
244138
815028
826258
838954
175684
263047
651299
1849
309222
195175
312064
202218
52477
199090
144666
227114
34520
251425
236644
572809
347400
252685
52743
502428
282986
371353
560064
17193
201844
503492
393252
131026
847245
511055
82060
604560
177575
181861
515576
428325
304690
8317
129457
191470
409835
458825
803431
544705
188262
466541
30635
228483
316904
406148
832625
417273
611011
283125
421764
146541
123067
632438
143700
272018
896391
471033
121763
437068
337004
501593
278054
102699
435242
816459
542502
210173
237186
396352
87676
229193
206362
24093
803210
41403
141518
504527
263318
435332
459951
306632
133146
63721
482744
651504
318395
605592
247275
5555
552162
524543
344565
641705
288725
46601
395879
806712
548550
427715
145767
199826
33463
42576
607935
851977
885803
425471
872856
195688
606254
466889
301591
231221
645278
279971
187593
617648
883839
838019
472590
244013
126309
461706
186840
464724
870215
56417
351151
854448
856477
273498
61348
362228
188714
26050
537715
209943
582585
665694
227154
534644
80348
165776
35892
627789
25367
405461
890291
431080
152132
528798
124989
285170
306987
41698
475480
376257
881448
826412
150984
603213
477695
601082
890350
638717
20451
620319
899000
379221
847286
319322
504758
436153
607459
25742
417691
607575
556651
364140
825359
367384
101395
127416
443443
561896
308856
366458
499333
533054
226876
612298
561840
305664
394310
204654
545986
429404
275185
85211
891710
227580
537307
607896
323909
521130
208604
611510
662620
141992
154219
601618
49432
106147
462331
849290
623478
417887
200037
855344
393111
322684
447532
477475
442872
640623
802401
392609
600841
321747
481154
511174
653234
819282
538837
322654
253415
873397
607142
286361
637754
887797
267296
130967
344133
432787
440978
141485
646682
419964
477671
39884
885320
159698
215069
362406
291185
820536
374383
191523
458694
82676
266306
30072
865456
144350
429678
875318
36900
86650
48710
472152
369061
566886
118595
434853
119004
627093
261077
351686
511798
232039
390727
876466
337255
6383
60962
347596
62222
518247
194278
632124
414592
566823
254842
381461
363054
575577
153937
306622
552300
893717
499574
318320
400867
17121
585992
877088
465665
246363
5947
636279
6294
260481
604000
61522
106676
459842
246789
289860
610614
817465
523766
475041
555610
546811
230078
538197
655307
631451
847602
621097
114487
665500
462368
52421
583569
44562
628494
133910
658196
597518
238979
358588
821194
87291
201338
414238
247529
854818
628686
511525
865868
656294
884005
450728
809153
524829
358453
646522
489779
535255
412667
446604
169228
807206
447775
160175
570749
610183
876221
172272
842844
227231
449678
607288
858351
829413
224711
625601
203471
170331
188297
439408
266032
575817
381074
378149
170531
605287
285361
354633
370520
390928
170527
125885
812252
440968
642260
614158
385783
165156
39277
561049
141532
804001
857214
308632
34523
875559
318030
58569
179705
136313
109493
132803
805093
144801
177786
138050
540725
297515
582884
371829
300458
387383
603912
389656
543827
412094
537649
411211
577350
195113
116637
860229
19338
205045
63873
408113
668846
62307
268247
484479
800005
314088
500063
801587
149841
831265
227491
298999
570612
563197
290587
394093
238789
419061
4903
263194
454871
145724
834245
490221
45870
627512
178641
588289
559550
153918
23824
628136
8646
448203
360450
832482
638045
113257
603190
203508
491685
561005
296546
325242
816269
12347
104
328902
557244
289212
408714
519597
628662
23955
352793
204189
300643
802074
15833
279620
822197
491932
550136
299851
12810